train_losses	train_accuracies	val_losses	val_accuracies
1.7872397133450069	0.31533307055577453	1.438566551924987	0.4494255462942104
1.3503984885076405	0.4809392420744411	1.2121260268754266	0.5332282045505744
1.0975268518134638	0.5871389154794752	1.018506332463202	0.6271682811444019
0.9496792749521116	0.6571879047243651	0.9127508870624534	0.6643388150484343
0.8659643153160487	0.689622163410102	0.9118603547029223	0.6566794323045732
0.8192198904283319	0.7111886930570415	0.7823530825630828	0.7177292182924082
0.7321397745600557	0.7435103327890084	0.7469853873214197	0.7359765712998423
0.7160162126919299	0.7504363984458584	0.7860517337209981	0.738905158819554
0.6953836171951533	0.7549974660735401	0.7083044413860705	0.7555755800856049
0.6879505593938209	0.7546596092122304	0.7304592425824823	0.7461139896373057
0.6576180053063359	0.7736359029224619	0.6804207896267839	0.7576030637530975
0.6265684895079391	0.7812376823019315	0.647838990144242	0.772020725388601
0.6047612504081366	0.791711245002534	0.6615247380279641	0.7796801081324622
0.6019779054073675	0.7927248155864632	0.5951137368032916	0.793872493804911
0.5782017913734102	0.8044934962554198	0.6132714892191027	0.7835097995043929
0.5904934414939788	0.7969480263528352	0.6466273117720691	0.7679657580536157
0.5625426859574796	0.8059575426544288	0.5882362329119308	0.7902680783960352
0.5315469611979221	0.8164311053550313	0.6646495421315722	0.7715701734624916
0.5411058454703785	0.8159806295399515	0.5840787652726377	0.8082901554404145
0.5391761879339916	0.8178388422771552	0.559282381957811	0.8121198468123452
0.49751456051576554	0.8318599020215102	0.5326699488104988	0.8161748141473305
0.4828828480962067	0.8354073990652627	0.5274433745111154	0.8231583690020274
0.475187874052115	0.8374345402331212	0.5128396658055228	0.8263122324847939
0.46665391026400277	0.8427276310603075	0.5784344653686873	0.8019824284748818
0.4805421321280227	0.8359704938341123	0.5935734008770587	0.7974769092137869
0.46376711366594	0.8423334647221127	0.5550328267603528	0.8091912592926335
0.457636380183535	0.8428965594909623	0.5311116592442031	0.8175264699256589
0.45703898355078676	0.8431781068753871	0.5327995344979668	0.8179770218517685
0.45423156183121327	0.8449800101357059	0.5221254534349702	0.8204550574453706
0.4287756663083265	0.8512866715468214	0.5330032399710999	0.8229330930389728
0.4253168260133564	0.8552846444056534	0.5293581106085905	0.8150484343320568
0.4257531826966947	0.8525817895151754	0.4808749532640504	0.8405046181572426
0.4195275076744329	0.8553409538825384	0.5030194473282714	0.8294660959675603
0.41682936115988245	0.8568050002815474	0.5180276672658579	0.8285649921153413
0.41999147725075753	0.8530885748071401	0.4967892833136309	0.8308177517458887
0.39250502669634707	0.8633932090770877	0.46984076892693155	0.8416309979725163
0.3666821083185996	0.8750492707922743	0.49098475999487334	0.836674926785312
0.3522992981376999	0.8775831972520975	0.47308344557280474	0.8490651047533229
0.36523627948234716	0.872740582239991	0.5689810892568298	0.8078396035143051
0.38725506807777876	0.8650824933836365	0.5121485532525155	0.8353232710069836
0.370589593946145	0.8718959400867166	0.4705230032882059	0.8398287902680784
0.35706627726541446	0.8749366518385044	0.4244448142522733	0.8583014192385673
0.3881595262996355	0.8631679711695478	0.4673128044197059	0.844559585492228
0.3463338652392941	0.8760065318993187	0.46382611859728284	0.8474881730119396
0.33240030863255665	0.8845655723858326	0.44520275311900787	0.8490651047533229
0.32476590423844703	0.8840024776169829	0.5015695952206319	0.8341968911917098
0.3442913913328749	0.8771327214370178	0.4539489185227336	0.8504167605316513
0.30590543333988307	0.8904217579818684	0.44064442690870576	0.858526695201622
0.3054531604946046	0.890872233796948	0.4877120603658939	0.8382518585266951
0.29927978831319174	0.893631398164311	0.4725020765170613	0.8528947961252534
0.33369946193672245	0.8818627174953545	0.4705864551382093	0.8513178643838702
0.30497023489260583	0.890928543273833	0.4891911330631816	0.8355485469700383
0.3033461210154971	0.8903091390280984	0.4811610452600846	0.8420815498986258
0.34274517620218664	0.8738667717776902	0.42522798977770443	0.8589772471277315
0.27965997698755574	0.8997691311447716	0.49426834640752143	0.8474881730119396
0.33227014438083924	0.8785404583591419	0.44742811522416154	0.8517684163099797
0.2851962545036337	0.8972915141618334	0.442343833076441	0.8546970038296914
0.27282715296347915	0.9024719860352497	0.4126423387396951	0.8682135616129759
0.25015904057924726	0.9093417422152148	0.42594108425918314	0.8657355260193738
0.2393995906633866	0.9127766203051974	0.4204309281665856	0.8691146654651949
0.30451184495577865	0.8902528295512134	0.4687717991735678	0.8483892768641585
0.27402256536009856	0.9004448448673912	0.44151712618692684	0.856724487497184
0.2318248887025556	0.9155920941494453	0.399038500085181	0.8718179770218518
0.24963227370024413	0.9075398389548961	0.4244320350983412	0.8632574904257716
0.26006697706726734	0.9074272200011262	0.4160944443279141	0.8634827663888263
0.23917309732357656	0.9136212624584718	0.39585055991936763	0.8790268078396035
0.24697644764812246	0.911931978151923	0.4528772008193455	0.8601036269430051
0.24350644340553532	0.9120445971056929	0.4611405793893818	0.8544717278666366
0.24992919658089457	0.9083844811081705	0.4896427751742228	0.8465870691597207
0.25449325207976836	0.9064136494171969	0.43030019304886086	0.8713674250957423
0.23769875790992429	0.9127203108283124	0.3933965140539506	0.8749718405046182
0.21460535753967458	0.9220676839912157	0.4056444349899086	0.8749718405046182
0.21571409010146744	0.9218424460836759	0.38479735344937055	0.8808290155440415
0.1983336751673416	0.9269666084802072	0.4177188819513903	0.8722685289479613
0.21139355745745292	0.921673517653021	0.4230151485284993	0.8688893895021401
0.2112451518962724	0.9229123261444901	0.3802321037815938	0.8869114665465195
0.18689201034748565	0.9304014865701897	0.38314027117834243	0.8884883982879027
0.1939776416861049	0.927304465341517	0.4557412520376619	0.8574003153863483
0.2528536602669293	0.9081029337237457	0.43999051522043114	0.8628069384996621
0.21405527132512267	0.9220676839912157	0.4077362105112727	0.875197116467673
0.21109446418101444	0.9224618503294104	0.40004598055774226	0.8781257039873845
0.17671159375904716	0.9350188636747565	0.38357103015958094	0.8880378463617932
0.16526493677833043	0.9389605270567036	0.5260050049986112	0.8432079297138996
0.20450479358483342	0.9266850610957824	0.3951015996822878	0.887362018472629
0.17588196021408048	0.9338926741370572	0.426179380184843	0.871592701058797
0.16552817221688784	0.9386226701953939	0.36624046443120456	0.8929939175489975
0.18957196058077924	0.931358747677234	0.4336661915570719	0.8706915972065781
0.17951921352419045	0.9339489836139422	0.38972593861056976	0.8887136742509574
0.1927055144499293	0.9305141055239596	0.4657486434803538	0.8571750394232935
0.18835615472798548	0.9310208908159243	0.4574405493218503	0.865510250056319
0.21965753056205026	0.9201531617771271	0.42165805365513453	0.8745212885785086
0.17113546496227294	0.9375527901345796	0.418830019594125	0.8713674250957423
0.17964784588468216	0.9345120783827918	0.43076415317341615	0.8756476683937824
0.21434843234180417	0.9198716143927023	0.43239394676231485	0.8722685289479613
0.15657878091971114	0.942676952531111	0.4060446044686518	0.8806037395809867
0.16032884742898296	0.939805169209978	0.37904688004277587	0.8941202973642712
0.1183740716012012	0.956641702798581	0.44097738205970316	0.8830817751745889
0.14115362360362796	0.9492088518497663	0.4028335058372229	0.8902906059923407
0.16050643233510112	0.9414944535165268	0.46852107877450955	0.8661860779454832
0.16323779063055233	0.9382848133340841	0.4503965451658833	0.8731696328001802
0.1639489801880093	0.9408750492707922	0.516433879669305	0.8571750394232935
0.21716440447000804	0.9198153049158173	0.4091757425627587	0.8792520838026583
0.15269532291408164	0.9427895714848809	0.3964518038478352	0.8837576030637531
0.10731927119143019	0.9601891998423334	0.36839961140884636	0.905609371480063
0.09630370294046238	0.9641308632242807	0.4027158329752174	0.893444469475107
0.15553615136561116	0.9438594515456952	0.5047996755211868	0.8607794548321694
0.21220825076962424	0.9227433977138353	0.4642757106254326	0.8686641135390853
0.17639648138778666	0.9357508868742609	0.39191094735072096	0.8947961252534354
0.12848235770545635	0.9529252773241736	0.39759317781641074	0.894345573327326
0.1278445030699926	0.9551776563995721	0.4284512105289411	0.8860103626943006
0.12350925497341092	0.9554028943071119	0.42237213802488033	0.8878125703987385
0.11535036335938136	0.9563038459372712	0.431572694671291	0.8882631223248479
0.1355362162711391	0.9514612309251647	0.40072023668491136	0.8954719531425996
0.13402353391094085	0.9523058730784391	0.4661243830843803	0.873394908763235
0.144067551351438	0.9472380201587928	0.42625291712328667	0.8916422617706691
0.1199771786881927	0.9569232501830058	0.4823450680975711	0.873394908763235
0.16535538990283188	0.9403682639788277	0.41301887546688837	0.8929939175489975
0.10988014414121965	0.9603018187961034	0.39524585164380144	0.8997521964406398
0.09992042505242373	0.9640182442705107	0.4162942456766731	0.8932191935120523
0.1895970499483984	0.9360887437355707	0.4783016056540743	0.8675377337238117
0.19953891091051654	0.925896728419393	0.45911026481009465	0.871592701058797
0.15549348259325924	0.9429021904386509	0.45944751855837757	0.8783509799504393
0.1471308143254074	0.9450982600371642	0.38398624948215637	0.8997521964406398
0.09052526750296876	0.9686356213750774	0.38948390175829495	0.8990763685514755
0.08082407424419916	0.970775381496706	0.3922064966125836	0.9011038522189683
0.09954114139643908	0.9637366968860859	0.4126918276007795	0.8977247127731471
0.09825850418810304	0.9644687200855904	0.39531359820383094	0.8972741608470376
0.09994309179741181	0.9637366968860859	0.36589512006069363	0.9080874070736652
0.07476360778188952	0.9724083563263697	0.4217515279779995	0.8995269204775851
0.0806867878474398	0.9711695478349006	0.4401962077142312	0.892543365622888
0.09790080548628298	0.9645813390393603	0.4585583581328795	0.8837576030637531
0.24110444770957362	0.9170561405484543	0.4828377093622131	0.8709168731696328
0.20478759075034758	0.9266287516188975	0.46098403841774055	0.8790268078396035
0.11606207437399198	0.9584999155357846	0.41625791227503334	0.8968236089209282
0.10004195416513693	0.9631172926403514	0.442116236775328	0.8947961252534354
0.10018019446360245	0.9641308632242807	0.4256289790519376	0.8923180896598333
0.100663506567354	0.9641871727011656	0.41229921812999354	0.9038071637756251
0.08975882700947707	0.9690860971901571	0.3973300815179128	0.9035818878125704
0.08068329979472012	0.9708316909735909	0.4145122549372177	0.9038071637756251
0.13311126884160074	0.9532068247085984	0.5349388772315017	0.8729443568371255
0.15424517921680092	0.9441409989301199	0.4397724719567459	0.8932191935120523
0.10479828192663593	0.9634551495016611	0.398516843013598	0.8981752646992566
0.10319221256070796	0.9617658651951123	0.44316529552929573	0.894345573327326
0.07977520997889159	0.9711132383580157	0.3868288408195309	0.9103401667042127
0.07532902742975756	0.9730277605721043	0.42875346187590263	0.9121423744086506
0.08509658116603315	0.9685230024213075	0.42839527707509184	0.9017796801081325
0.13638642088591538	0.9520806351708992	0.45109676663524856	0.8853345348051362
0.11383983976956497	0.9601328903654485	0.46192421234924264	0.885559810768191
0.10315535382695802	0.9629483642096965	0.44845810617163095	0.8893895021401217
0.09507683876469111	0.9655949096232896	0.40886786190688434	0.9051588195539536
0.09861621608104622	0.9636803874092009	0.45205828202391135	0.8909664338815049
0.11264259150902345	0.9596261050734839	0.48334606890475384	0.8806037395809867
0.08926091920784769	0.9676783602680331	0.44130501657972787	0.8945708492903807
0.09696940441940864	0.9660453854383693	0.43761859284674004	0.894345573327326
0.07183709024822492	0.9745481164479982	0.40965877308531856	0.9096643388150484
0.06954334079577375	0.976237400754547	0.42514118831499814	0.9022302320342419
0.07066539626079164	0.9739287122022636	0.39370377540024426	0.9085379589997747
0.06764905956149055	0.9767441860465116	0.48986989693427896	0.8887136742509574
0.1327457355687872	0.9527000394166338	0.4788290222678321	0.8853345348051362
0.13316163926682323	0.9536573005236781	0.44681382053713187	0.885559810768191
0.1051861407381369	0.9628357452559265	0.4319789698664254	0.8932191935120523
0.07572341314410766	0.973534545864069	0.43888982400670734	0.8988510925884208
0.07504676546379349	0.9729714510952193	0.42891081114238544	0.8993016445145303
0.07642539959329361	0.9715074046962103	0.42709791201088554	0.9020049560711872
0.0969539502203159	0.9656512191001746	0.4253527186802578	0.9017796801081325
0.09614574450361171	0.9652007432850949	0.5113941590429883	0.8760982203198918
0.09704048159836991	0.9641308632242807	0.41143986884203276	0.9085379589997747
0.06975067125046949	0.9747170448786531	0.402905488395562	0.90831268303672
0.05804549005117306	0.9793907314601047	0.46512610839411705	0.8984005406623113
0.07100688398943283	0.9739850216791486	0.46528952738459406	0.8993016445145303
0.11803206608154174	0.9600765808885635	0.46566416837122293	0.8878125703987385
0.09231169679198416	0.9667210991609888	0.44284233350854757	0.8945708492903807
0.07910672265448289	0.9706627625429359	0.4566233348379159	0.9026807839603515
0.0691957557519899	0.9749985922630778	0.4894444283050147	0.8839828790268078
0.06620099722145074	0.9761247818007771	0.4458769659022271	0.8999774724036945
0.05898814440047098	0.9776451376766709	0.4746144223613335	0.9017796801081325
0.06441294287895524	0.9774198997691311	0.4880472835548613	0.8954719531425996
0.106809071592768	0.962328959963962	0.4629453449978112	0.8963730569948186
0.09352210031454074	0.9670589560222985	0.46248604540863564	0.8968236089209282
0.09039862098588594	0.9683540739906527	0.4463338967807982	0.8968236089209282
0.08717691423512504	0.9689734782363871	0.43785591322469614	0.8990763685514755
0.08165042701605385	0.9707190720198209	0.5088188147579772	0.8869114665465195
0.07325981274348697	0.9744354974942283	0.44919277473488595	0.9067357512953368
0.06361505413253106	0.9778140661073259	0.44870429071630274	0.9024555079972967
0.07132483108907986	0.9744354974942283	0.4458799465037219	0.9080874070736652
0.13959104914137008	0.9520806351708992	0.4466543430464578	0.8999774724036945
0.10613378966483616	0.9619911031026521	0.452389865549708	0.8997521964406398
0.08462856514200554	0.969198716143927	0.44787777804877205	0.8988510925884208
0.051009633459892956	0.9818683484430429	0.4006729129064886	0.914395134039198
0.03581354305392716	0.9882313193310435	0.4442003738318888	0.9110159945933769
0.03962295406643647	0.9853032265330255	0.42898997577844267	0.9089885109258842
0.06889591394497324	0.9743791880173434	0.4469441972852532	0.9078621311106105
0.06426679663764134	0.9761247818007771	0.4164729756220259	0.9146204100022528
0.050789284317791075	0.9816994200123881	0.4313113257795821	0.9085379589997747
0.04498220307123078	0.9835013232727068	0.4637192422459055	0.8993016445145303
0.07131253639177881	0.9753364491243877	0.44967074753008707	0.9051588195539536
0.11342873230255149	0.9609212230418379	0.48603652265593394	0.8900653300292859
0.16102137841131983	0.9432400472999606	0.48227089538072565	0.8821806713223699
0.07886083791397117	0.9716763331268653	0.45938271590921625	0.8954719531425996
0.061601545291864845	0.9804043020440341	0.4515352373685512	0.8979499887362018
0.04425747137210684	0.9836139422264767	0.427921848546602	0.9085379589997747
0.0409514419734478	0.9855284644405653	0.4404664336158016	0.90831268303672
0.07548996191877719	0.9726335942339096	0.564421044461602	0.8763234962829466
0.10669022470920753	0.9617095557182274	0.4408861822401465	0.900428024329804
0.07180776154010224	0.9746044259248832	0.44356947843892586	0.906510475332282
0.05672627391616794	0.9787713272143702	0.4380286777978224	0.9101148907411579
0.04719154702231948	0.9835576327495917	0.44659698870193315	0.9098896147781032
0.05079637128727394	0.9819246579199279	0.43138148107086116	0.9150709619283622
0.039445375392769454	0.9858100118249902	0.4506000525029185	0.9114665465194863
0.04095796235048363	0.9862604876400698	0.4330803971082194	0.9164226177066906
0.056406118581525125	0.9792218030294498	0.46215456215264855	0.9089885109258842
0.0860153501842334	0.9700996677740864	0.4757781203909215	0.9002027483667493
0.06869892973027604	0.9758432344163522	0.49476804336359653	0.8995269204775851
0.09797602950363682	0.9658764570077144	0.4955585650305781	0.8945708492903807
0.0983999409077303	0.9655386001464047	0.4659560607894366	0.8997521964406398
0.05886844656707028	0.9791654935525649	0.4467652542052921	0.906510475332282
0.03899511249631172	0.9866546539782646	0.4586255919439187	0.9155215138544718
0.047765798194124034	0.983219775888282	0.4508909271775293	0.9089885109258842
0.04118026856353365	0.9857537023481052	0.4640835292316767	0.9112412705564317
0.07573774110648981	0.9738724027253787	0.4609204995240089	0.9020049560711872
0.1066881205966944	0.9640182442705107	0.47318266188139635	0.8968236089209282
0.07716860872170458	0.9727462131876795	0.4458323041311549	0.9013291281820229
0.0580246241357226	0.9794470409369896	0.44854591379001296	0.9105654426672674
0.06349277483269272	0.9771383523847064	0.48128420841616	0.9006533002928587
0.08140146945749453	0.9721268089419449	0.48552839281752885	0.8898400540662311
0.0762892052308048	0.9737597837716088	0.4575616272015732	0.9040324397386799
0.0438169116302515	0.9849653696717158	0.4533212775380044	0.9078621311106105
0.044573241755936056	0.9851342981023706	0.45068755066456573	0.9098896147781032
0.03780566493659797	0.9860915592094149	0.46093117080311646	0.9085379589997747
0.041482751287137735	0.9854721549636803	0.4848982405826352	0.9044829916647894
0.05023831283275397	0.981755729489273	0.48563033239641124	0.9060599234061726
0.09337841108667065	0.9689171687595022	0.7148779919083577	0.8461365172336112
0.18014339842055388	0.9389042175798187	0.46698727804976936	0.8837576030637531
0.12664233963512625	0.9569795596598908	0.47632363117689164	0.8902906059923407
0.07780708126659577	0.973534545864069	0.43057123842366135	0.9060599234061726
0.037461570324525684	0.9875556056084239	0.4140763432425297	0.9148456859653075
0.02650201705758128	0.9912720310828312	0.42236460266308784	0.914395134039198
0.027176889511783608	0.9906526268370967	0.4338650642939316	0.9159720657805812
0.028552430462623086	0.9900895320682471	0.44586001401362213	0.9125929263347601
0.04646224602096165	0.9829945379807422	0.44856352660000176	0.905609371480063
0.09119542813363514	0.9690860971901571	0.4861757610061196	0.895246677179545
0.08833809079950262	0.9680725266062278	0.43925398122917886	0.9076368551475558
0.06251237819884715	0.9791654935525649	0.48092956403591364	0.9029060599234062
0.09401771839865626	0.9685793118981925	0.45811808180449165	0.8959225050687092
0.12114164564642957	0.9570921786136607	0.5228333919669734	0.8779004280243298
0.06997588757444216	0.9757306154625823	0.40442917466593314	0.9134940301869791
0.03644865756049216	0.9871614392702291	0.4166544001028328	0.9173237215589096
0.03224916929086792	0.988850723576778	0.42540830038076693	0.9166478936697454
0.030661168786962394	0.9895827467762824	0.4599518922903861	0.9148456859653075
0.03396616502526483	0.9873866771777691	0.43182423810186515	0.9186753773372381
0.025776799459953696	0.9908778647446366	0.4295128950411523	0.9193512052264023
0.033433197626376365	0.9880060814235035	0.4573664509328966	0.9157467898175264
0.05372063956411748	0.980460611520919	0.4971954186614179	0.9042577157017346
0.05695264795397046	0.9793344219832197	0.49809910693021475	0.9011038522189683
0.06230116918980085	0.9784334703530604	0.4378269762572847	0.9139445821130885
0.06051873118549567	0.9793344219832197	0.42931087381212957	0.9139445821130885
0.06007571968564788	0.9799538262289543	0.45926010802029005	0.9130434782608695
0.033551930879667555	0.9878934624697336	0.45743762718366326	0.9175489975219644
0.03788236884088846	0.9869925108395743	0.4657277575374912	0.9112412705564317
0.032757544007547316	0.9882313193310435	0.4374228934697617	0.9200270331155666
0.030517410742435393	0.9893575088687426	0.4596911237016404	0.9159720657805812
0.039090675770107025	0.9867109634551495	0.4826655989564413	0.9123676503717053
0.08602107243171998	0.9713947857424404	0.5477897071857177	0.8835323271006984
0.16236462879128213	0.9464496874824033	0.5388764242487841	0.8810542915070962
0.1169215644998146	0.9594008671659441	0.443318480513713	0.9013291281820229
0.08667072318223717	0.9697055014358916	0.4557705329234709	0.9049335435908988
0.054003078944855655	0.9815868010586182	0.47094934958545814	0.9002027483667493
0.05268204808730224	0.9826566811194324	0.4423994803031196	0.9098896147781032
0.03930473272110825	0.9863731065938397	0.4473753933582684	0.9089885109258842
0.040889393552920456	0.9858663213018751	0.4355264872037282	0.9137193061500338
0.0502974588707785	0.9819246579199279	0.4494647426120761	0.909213786888939
0.05990256462062631	0.9779829945379808	0.4338586045213851	0.9155215138544718
0.06445867852869251	0.9778703755842109	0.42245054851917835	0.9132687542239243
0.06963045087047905	0.9756743059856974	0.46374280954513714	0.9060599234061726
0.05644358622004715	0.9798412072751844	0.4719518176417384	0.9058346474431178
0.044472133828885776	0.984514893856636	0.45425113268225115	0.9105654426672674
0.07039851080423822	0.9751112112168479	0.4732443076797798	0.9008785762559135
0.0782042184708368	0.9725772847570247	0.4551771254347745	0.9011038522189683
0.06455455156481275	0.9765189481389718	0.4668274956408533	0.9053840955170084
0.04592989676665183	0.9833323948420519	0.42239089274250674	0.9207028610047308
0.028198780562325675	0.9899206036375922	0.4399351364630626	0.9173237215589096
0.05304972242105198	0.9812489441973085	0.4428298748286089	0.9125929263347601
0.05349476493400418	0.9808547778591137	0.4620115275344324	0.907411579184501
0.032173122547483404	0.9882313193310435	0.4314210367554559	0.9247578283397162
0.025284939823926312	0.9909341742215215	0.4418583204950881	0.9175489975219644
0.036593435706302344	0.9869925108395743	0.4512246074668994	0.9195764811894571
0.03986066841358899	0.9856410833943353	0.4910370309118162	0.9044829916647894
0.09844195206009648	0.9685793118981925	0.5313228444893044	0.8760982203198918
0.09024771187859107	0.9681288360831128	0.4394960082928107	0.9085379589997747
0.056149164534470886	0.9795596598907597	0.4937313968841491	0.9002027483667493
0.048604988464758914	0.9826003716425474	0.5086050034509261	0.9022302320342419
0.08341242437095106	0.9728588321414494	0.45428661430411094	0.9067357512953368
0.06217466215598596	0.9779829945379808	0.46759883918104794	0.9060599234061726
0.04730534650357271	0.9838954896109016	0.4897236270688627	0.9121423744086506
0.05495949664315573	0.980347992567149	0.48331126633139443	0.9130434782608695
0.08936098268392675	0.9681288360831128	0.5241682470301353	0.8891642261770669
0.09624476491560827	0.9663832422996791	0.4674093646558992	0.9078621311106105
0.05298726534578632	0.9812489441973085	0.491897752905891	0.9060599234061726
0.04880438185945087	0.9821498958274678	0.47653664233959	0.9132687542239243
0.026910750250658196	0.9908778647446366	0.4451418042746877	0.9213786888938951
0.02162447537708923	0.9926234585280703	0.4509043675952464	0.9175489975219644
0.017671488362177093	0.9937496480657695	0.4536452063785853	0.9220545167830593
0.017093814185230177	0.994312742834619	0.4597854578674954	0.914395134039198
0.02360029268465058	0.9916661974210259	0.47262138385417146	0.9213786888938951
0.04055962412399888	0.9857537023481052	0.5431932062548436	0.8999774724036945
0.08777341041031154	0.9704938341122811	0.5002741386195404	0.9002027483667493
0.08148369795450172	0.9712258573117856	0.5659955232885674	0.8900653300292859
0.08551251420573855	0.9701559772509714	0.5020818929665259	0.8981752646992566
0.07373189997804602	0.9741539501098034	0.525712040509155	0.8920928136967785
0.0714620960835126	0.9745481164479982	0.5081434051889534	0.896147781031764
0.05584850267907428	0.980347992567149	0.48632205300675935	0.9049335435908988
0.04085451717831388	0.9854721549636803	0.463130875955323	0.9123676503717053
0.03188689589627128	0.9892448899149727	0.46487386426320887	0.9177742734850192
0.022819355966492767	0.9921729827129906	0.46935794990082585	0.9173237215589096
0.02382614478272551	0.9918914353285658	0.4724578519317582	0.9132687542239243
0.04737411361552485	0.984627512810406	0.5077185428580284	0.9038071637756251
0.06487097802525121	0.9771946618615913	0.4528804220952384	0.9067357512953368
0.04184675184359867	0.9863167971169547	0.4190074431718967	0.9213786888938951
0.021906765080408185	0.9923982206205304	0.45418705023685857	0.9229556206352783
0.02048178855492323	0.9923982206205304	0.466073593367701	0.9227303446722235
0.02922549814798051	0.9901458415451321	0.4832081049982829	0.9089885109258842
0.03359833456212131	0.9882313193310435	0.4862984159986939	0.9101148907411579
0.027450076365995814	0.9901458415451321	0.4797699748194145	0.9175489975219644
0.0454256151999444	0.984514893856636	0.4980097934586907	0.914395134039198
0.06615610911290994	0.9792218030294498	0.48453282037010115	0.9101148907411579
0.08132187629490797	0.9727462131876795	0.47251297010175547	0.9119170984455959
0.06405197579760401	0.9779266850610958	0.46548776973419076	0.9098896147781032
0.08000156219944411	0.9722957373725998	0.5258998088966648	0.887362018472629
0.0777078212563833	0.9719015710344051	0.47882133242272396	0.9089885109258842
0.03235462659775785	0.988850723576778	0.47488523807228084	0.9134940301869791
0.025064557735272285	0.9909341742215215	0.505981299140803	0.9060599234061726
0.04292489334272166	0.9849090601948308	0.48312085392266196	0.9166478936697454
0.05054609439058816	0.9823751337350076	0.4781304332124513	0.909213786888939
0.03832333334081042	0.9863167971169547	0.518234136345473	0.9080874070736652
0.04980431366284975	0.9833323948420519	0.5093866456908454	0.9071863032214462
0.05712672401840733	0.980291683090264	0.500995710864747	0.9085379589997747
0.04388789557904556	0.9850779886254857	0.45020458474167835	0.9202523090786213
0.02431979242866859	0.9904273889295568	0.48870898926545436	0.9139445821130885
0.04292539371975411	0.9858663213018751	0.5083398881071886	0.9132687542239243
0.05343132103670136	0.9816431105355031	0.5182499636143385	0.9051588195539536
0.05270464340128054	0.9815868010586182	0.482899402042691	0.9139445821130885
0.05286542818749889	0.981812038966158	0.4788014785438863	0.9110159945933769
0.06971360768071266	0.9758432344163522	0.47606443275898314	0.9031313358864609
0.06269345802175105	0.9791654935525649	0.5248421007957402	0.9008785762559135
0.06772886566829088	0.9771946618615913	0.4744229172701555	0.9103401667042127
0.07291840098976998	0.9737034742947238	0.4769434893982559	0.905609371480063
0.04056915543823251	0.9867672729320345	0.42030017815427917	0.9186753773372381
0.023722390792087107	0.991722506897911	0.479653464731372	0.915296237891417
0.024548819003220486	0.991553578467256	0.46667350541634933	0.9218292408200045
0.03480314916772035	0.9877808435159637	0.4870116611567938	0.9173237215589096
0.03468187728001967	0.9877808435159637	0.49099682351709834	0.9112412705564317
0.037281900703876804	0.9877808435159637	0.4594656147581415	0.9252083802658256
0.049620688715488685	0.9836702517033616	0.5004106191974901	0.9105654426672674
0.04001650474560718	0.9859226307787601	0.4658857426629407	0.9114665465194863
0.09201532098234919	0.9699870488203165	0.5998846716938805	0.879477359765713
0.10683405222864703	0.9644124106087054	0.4805608064399482	0.8995269204775851
0.10943778307571544	0.9629483642096965	0.47357225103216094	0.9026807839603515
0.07333361695388582	0.9740413311560335	0.44804490424942717	0.9123676503717053
0.0391337609535164	0.9862041781631848	0.42005297225400867	0.9218292408200045
0.02394074266512658	0.991722506897911	0.441815375838631	0.9207028610047308
0.017453134286456687	0.9940311954501942	0.431101664098487	0.9245325523766614
0.011736354619272783	0.9966777408637874	0.4390562258410706	0.9225050687091687
0.012696035578789245	0.9968466692944422	0.4289127755847217	0.9297138995269205
0.010474538273874002	0.9969592882482122	0.4349759083982254	0.9258842081549898
0.011241806252822352	0.9960583366180528	0.44592268947922287	0.9225050687091687
0.01005741068964863	0.9963961934793626	0.45516886130247225	0.9225050687091687
0.013035784700325436	0.9960583366180528	0.455322294614959	0.9247578283397162
0.01185373777501716	0.9963398840024776	0.48186602924664457	0.9231808965983329
0.01666607910166104	0.9943690523115041	0.47260447846497733	0.9191259292633476
0.02149567917430681	0.9925671490511853	0.534261897988458	0.9094390628519937
0.06280511057199313	0.9796159693676446	0.4974794582516042	0.9098896147781032
0.08656996422745608	0.9700433582972015	0.5898751722957992	0.8803784636179319
0.10551460943618962	0.9649191959006701	0.6256845136783391	0.8727190808740707
0.10127302855832182	0.9666647896841039	0.48116953566579784	0.8981752646992566
0.04146736549984745	0.9851342981023706	0.4801036411374774	0.9125929263347601
0.02605139022670278	0.9897516752069373	0.46667709566634313	0.9114665465194863
0.02862119927790071	0.990258460498902	0.47239201853446633	0.9141698580761433
0.04653226698751022	0.9836139422264767	0.4944245155517194	0.906510475332282
0.0371636090177886	0.9872177487471141	0.46066564731056503	0.9157467898175264
0.02672381108291407	0.991553578467256	0.44591123355780404	0.9195764811894571
0.019659415649309828	0.9930739343431499	0.45352209415299366	0.9231808965983329
0.011311694385758764	0.9963961934793626	0.4676663797096133	0.9238567244874972
0.012439955583254846	0.9961146460949378	0.4617282623883759	0.9249831043027709
0.021749641304089212	0.9925671490511853	0.49841031274378744	0.9130434782608695
0.04337123651134048	0.9851906075792556	0.5365385483127103	0.8995269204775851
0.06414917070722552	0.9784897798299453	0.5015738917500835	0.9020049560711872
0.06399812733844612	0.9777014471535559	0.4760245226892595	0.9107907186303221
0.04003062364083383	0.9863731065938397	0.49635620447772394	0.9141698580761433
0.02187539520194918	0.9927360774818402	0.47140827528607016	0.9182248254111286
0.02429729358332605	0.9913846500366011	0.49049738283816907	0.9168731696328002
0.06432539430198399	0.9793344219832197	0.5802655075283356	0.8891642261770669
0.07109539174170663	0.9752238301706178	0.55320453289313	0.8997521964406398
0.0895588324795476	0.9715074046962103	0.4864858293229864	0.9013291281820229
0.07417352585387033	0.9730840700489892	0.5146062814872473	0.9022302320342419
0.09297161335323273	0.9681288360831128	0.44761997334429154	0.9078621311106105
0.06603834396668185	0.9778140661073259	0.491029633598087	0.9053840955170084
0.06005351617219105	0.9791654935525649	0.5886746007436351	0.8902906059923407
0.06890168505126046	0.976293710231432	0.48767619277072616	0.9035818878125704
0.0657082756890948	0.9786023987837152	0.49541809053188995	0.9051588195539536
0.05809778050641245	0.9791654935525649	0.4671733732439962	0.9139445821130885
0.04695166114326922	0.9840644180415564	0.4985730735588031	0.9116918224825411
0.03572000913962607	0.9878371529928487	0.49277657599405117	0.9112412705564317
0.026357128680863286	0.9903147699757869	0.4704615259847278	0.915296237891417
0.016984018559050917	0.994425361788389	0.47126982065841244	0.9245325523766614
0.017007756630948126	0.9942564333577341	0.4799969281517028	0.9139445821130885
0.018074129061235678	0.9939748859733093	0.4735258893336657	0.9252083802658256
0.014795188848425343	0.9949884565572386	0.4871986593029794	0.9218292408200045
0.012664553126379713	0.9962835745255927	0.49450255343977945	0.9222797927461139
0.008271287860247816	0.9974097640632918	0.5055650704198121	0.9191259292633476
0.014077071487707251	0.9948758376034686	0.4831216182088927	0.9231808965983329
0.017780784106851077	0.9940311954501942	0.4922612018616357	0.9198017571525118
0.017075486110370318	0.9946505996959288	0.4972603095560682	0.9200270331155666
0.014433531499299922	0.9947069091728138	0.5136803934826027	0.9204775850416761
0.019235089762147144	0.994425361788389	0.5077351758235155	0.915296237891417
0.032793068631017615	0.988850723576778	0.555450521199707	0.9076368551475558
0.04101652462121213	0.985978940255645	0.5420275337257265	0.9121423744086506
0.0586567712505428	0.9796159693676446	0.5668673457581601	0.8979499887362018
0.0885726482467351	0.9702685962047413	0.5114906985605587	0.8920928136967785
0.0929241659742425	0.9690297877132722	0.5076577446970432	0.8986258166253661
0.08965622262362256	0.9690860971901571	0.5090016199275431	0.9029060599234062
0.04533707415353098	0.9829382285038571	0.4991366200469641	0.9067357512953368
0.02570058560282373	0.991609887944141	0.5003588566521745	0.917098445595855
0.017606636488309253	0.9940875049270792	0.48906323431203647	0.9258842081549898
0.01620384787382234	0.9940311954501942	0.4926341141927186	0.9220545167830593
0.00998279287807215	0.9970155977250972	0.47819017370989475	0.9227303446722235
0.0079469872780492	0.997184526155752	0.48510465812081555	0.9243072764136067
0.024953018414640427	0.991553578467256	0.5395001818076209	0.9150709619283622
0.043534259077909795	0.9855284644405653	0.5235464887378398	0.9159720657805812
0.04162495974368444	0.9854158454867954	0.5349700490642598	0.9071863032214462
0.06156369537959208	0.9788276366912552	0.508655842882901	0.9058346474431178
0.0648331794941482	0.9788839461681401	0.5384242361691332	0.9069610272583916
0.06677151119467696	0.977532518722901	0.5086606837360943	0.909213786888939
0.0366707972243904	0.9871051297933442	0.4919236775426398	0.9121423744086506
0.02491431953002119	0.991553578467256	0.5111672691556081	0.914395134039198
0.016437893836273993	0.9943690523115041	0.5213596219011029	0.9173237215589096
0.05078530479011718	0.9830508474576272	0.5398210151342154	0.9015544041450777
0.11694655291225547	0.9641871727011656	0.6038943021166939	0.8830817751745889
0.07520245153523424	0.9737597837716088	0.4988084828888519	0.9067357512953368
0.03219487952787222	0.9889633425305479	0.4987952818027835	0.9150709619283622
0.0163395035359762	0.9950447660341235	0.5103536272712268	0.9175489975219644
0.009662440347372125	0.9968466692944422	0.49743247487357567	0.9222797927461139
0.010210698221634638	0.9969029787713272	0.5218315888267564	0.9191259292633476
0.013203038464527042	0.9954389323723183	0.530698928365194	0.9179995494480739
0.011829777386787742	0.9961709555718228	0.5176043628196132	0.9231808965983329
0.009963119283470706	0.9970719072019821	0.5229627408270203	0.9211534129308403
0.012239180720944631	0.9958894081873979	0.5332202067257559	0.9193512052264023
0.03605897035778032	0.9882313193310435	0.5808140324509662	0.9006533002928587
0.047011887067728055	0.9842333464722113	0.5768815602341008	0.8993016445145303
0.06719930398500451	0.9795596598907597	0.5138283441211222	0.9128182022978149
0.07184253883318856	0.9760121628470072	0.5166046315416825	0.906510475332282
0.040098940847678906	0.9860915592094149	0.5889493013239304	0.8995269204775851
0.027041525661851366	0.9904273889295568	0.5360730574337258	0.9114665465194863
0.034088791787873565	0.9890759614843178	0.5141338332195114	0.9134940301869791
0.027042378970021243	0.9907652457908666	0.5004969514767096	0.9204775850416761
0.020099169437960904	0.993017624866265	0.5287428200849141	0.9177742734850192
0.021815759428795732	0.9920603637592207	0.5225042375016519	0.9195764811894571
0.040678550853773185	0.9858663213018751	0.5485036521579372	0.9044829916647894
0.032102030550534406	0.9889070330536629	0.5354720371267392	0.9107907186303221
0.04007171569754461	0.9868235824089194	0.5508240730302187	0.9035818878125704
0.041071454394598035	0.9863731065938397	0.5892306307624874	0.894345573327326
0.06449917748610717	0.9788839461681401	0.5804311348581453	0.8927686415859428
0.08096042961122163	0.9721268089419449	0.5910438581156446	0.8902906059923407
0.08747078206643334	0.9718452615575202	0.5916376883018444	0.887362018472629
0.08192731031604807	0.972014189988175	0.5493349067583146	0.8977247127731471
0.05783844812995471	0.9813615631510784	0.4607532766722537	0.9177742734850192
0.03002508870587722	0.9903147699757869	0.4630800498367081	0.9220545167830593
0.012130442724378427	0.995833098710513	0.47180381563634155	0.9249831043027709
0.00821873420660965	0.9975786924939467	0.47348618477844767	0.9270105879702636
0.0053479111170390125	0.9986485725547609	0.48249611043666873	0.9256589321919351
0.003958492188905492	0.9988175009854159	0.48431680904204955	0.926560036044154
0.0034626029294211355	0.9990990483698406	0.4893083974809683	0.9281369677855373
0.0033000479949563204	0.9989864294160707	0.4926405338372	0.9254336562288804
0.002999103295523091	0.9990990483698406	0.5019329680894833	0.9267853120072088
0.0029644882398623886	0.9992679768004955	0.49991387134200954	0.9294886235638657
0.0028743102212464133	0.9993242862773805	0.5038868449149999	0.926560036044154
0.004665974581245887	0.9988738104623008	0.5094563558002828	0.9267853120072088
0.005157599718309362	0.9984233346472211	0.513386024497441	0.9261094841180446
0.0077692866271100655	0.9976913114477166	0.5194169015101845	0.9218292408200045
0.017019444695434274	0.9940875049270792	0.5491435077309098	0.9114665465194863
0.09212018076245047	0.9719015710344051	0.5776043917365267	0.8898400540662311
0.13810724459848223	0.9531505152317135	0.4901674634823796	0.8972741608470376
0.08395855763568502	0.9709443099273608	0.5179997594352778	0.894345573327326
0.08400738212500809	0.9719015710344051	0.47749614816282376	0.9020049560711872
0.041292060282389936	0.9855847739174503	0.4564711909743681	0.9112412705564317
0.027184734045238343	0.9917788163747959	0.4412756413120653	0.9213786888938951
0.015899124902929666	0.9956078608029731	0.48248563327883837	0.9193512052264023
0.010297216837071467	0.9970719072019821	0.4814939259824841	0.9222797927461139
0.008666490455306415	0.9972971451095219	0.4813571994464176	0.9263347600810994
0.015338592436165666	0.9949884565572386	0.4778172826546757	0.9213786888938951
0.017892022346611514	0.9940875049270792	0.5070114587845902	0.9200270331155666
0.025179815766006645	0.991497268990371	0.512394675077364	0.9189006533002929
0.019335302388757757	0.9932428627738048	0.4982918364342657	0.9198017571525118
0.016678866765846945	0.9942564333577341	0.5012863539016631	0.9213786888938951
0.025232876395962216	0.991609887944141	0.5364612344821097	0.9067357512953368
0.10100294653041196	0.9688608592826172	0.5593973385721049	0.893444469475107
0.06859499823697025	0.9769694239540515	0.5355797114606429	0.9112412705564317
0.038360230692640954	0.9868235824089194	0.5211886902950078	0.9053840955170084
0.04177027477847299	0.9857537023481052	0.4986566187334265	0.9175489975219644
0.030284198059710027	0.9898642941607072	0.5093724059344251	0.9114665465194863
0.01586632112081916	0.9952136944647785	0.49689931979880836	0.9175489975219644
